SimulationTime 20
SimulationStepTime 1
Conductivity 25
Alfa 300
Tot 1200
InitialTemp 100
Density 7800
SpecificHeat 700
Nodes number 28
Elements number 13
*Node
      1,  0., 0.
      2, 0.02, 0.
      3, 0.04, 0.
      4, 0.06, 0.
      5,  0.08, 0.
      6, 0.1, 0.
      7, 0., 0.02
      8, 0.02, 0.02
      9, 0.04, 0.02
     10, 0.06, 0.02
     11, 0.08, 0.02
     12, 0.1, 0.02
     13, 0.04, 0.04
     14, 0.06, 0.04
     15, 0.04, 0.06
     16, 0.06, 0.06
     17, 0., 0.08
     18, 0.02, 0.08
     19, 0.04, 0.08
     20, 0.06, 0.08
     21, 0.08, 0.08
     22, 0.1, 0.08
     23, 0., 0.1
     24, 0.02, 0.1
     25, 0.04, 0.1
     26, 0.06, 0.1
     27, 0.08, 0.1
     28, 0.1, 0.1
*Element, type=DC2D4
 1,  1,  2,  8,  7
 2,  2,  3,  8,  8
 3,  3,  4,  10,  9
 4,  4,  5, 11,  10
 5,  5,  6, 12, 11
 6,  9,  10, 14, 13
 7,  13, 14, 16, 15
 8, 15, 16, 20, 19
 9, 17, 18, 24, 23
 10, 18, 19, 25, 24
 11, 19, 20, 26, 25
 12, 20, 21, 27, 26
 13, 21, 22, 28, 27
*BC
1, 2, 3, 4, 5, 6, 7, 8, 9, 10, 11, 12, 13, 14, 15, 16, 17, 18, 19, 20, 21, 22, 23, 24, 25, 26, 27, 28,